-1,-1,VobHecacYBSoyKjTIhRRa0z1olE=,inM81uxmXw4J09rPQeGi8oPu/74=
